0 325
1 55
2 57
3 54
4 40
5 55
6 29
7 20
8 17
9 8
10 10
11 14
12 9
13 10
14 11
15 12
16 8
17 14
18 7
19 9
20 9
21 9
22 9
23 10
24 6
25 4
26 4
27 5
28 9
29 9
30 5
31 10
32 13
33 5
34 14
35 5
36 5
37 6
38 6
39 3
40 5
41 7
42 4
43 6
44 5
45 4
46 0
47 4
48 4
49 3
50 6
51 2
52 0
53 5
54 3
55 2
56 1
57 3
58 2
59 2
60 3
61 1
62 0
63 2
64 0
65 0
66 0
67 1
68 1
69 1
70 0
71 1
72 0
73 1
74 0
75 1
76 2
77 1
78 0
79 1
80 0
81 1
82 1
83 2
84 0
85 0
86 0
87 0
88 0
89 1
90 0
91 1
92 0
93 1
94 0
95 1
96 1
97 0
98 0
99 0
100 0
101 0
102 1
103 3
104 0
105 0
106 0
107 2
108 0
109 1
110 1
111 0
112 1
113 2
114 1
115 2
116 0
117 0
118 1
119 0
120 0
121 0
122 0
123 1
124 0
125 0
126 0
127 0
128 0
129 0
130 0
131 0
132 0
133 0
134 0
135 0
136 0
137 0
138 0
139 0
140 0
141 0
142 0
143 0
144 0
145 0
146 0
147 0
148 0
149 0
150 0
151 0
152 0
153 0
154 1
155 0
156 0
157 2
158 0
159 0
160 0
161 0
162 0
163 0
164 0
165 0
166 0
167 3
168 1
169 0
170 0
171 0
172 1
173 0
174 0
175 0
176 0
177 0
178 1
