0	115	39
1	89	37
2	0	0
3	0	0
4	6	5
5	29	21
6	2	2
7	31	26
8	23	16
9	0	0
10	4	4
11	0	0
12	0	0
13	0	0
14	51	44
15	31	26
16	0	0
17	3	2
18	0	0
19	0	0
20	0	0
21	0	0
22	26	26
23	0	0
24	5	5
25	16	16
26	0	0
27	0	0
28	28	24
29	1	1
30	0	0
31	2	2
32	6	6
33	0	0
34	0	0
35	34	26
36	2	2
37	0	0
38	0	0
39	18	8
40	1	1
41	0	0
42	36	27
43	2	2
44	32	22
45	1	1
46	4	4
47	31	26
48	3	2
49	2	1
50	16	16
51	7	2
52	0	0
53	0	0
54	2	2
55	0	0
56	23	13
57	18	15
58	2	2
59	5	5
60	0	0
61	19	7
62	6	5
63	5	5
64	3	3
65	4	4
66	0	0
67	2	2
68	4	4
69	0	0
70	3	3
71	30	17
72	34	27
73	0	0
74	0	0
75	0	0
76	34	22
77	3	3
78	2	1
79	0	0
80	3	2
81	0	0
82	34	26
83	1	1
84	0	0
85	0	0
86	0	0
87	53	38
88	31	26
89	0	0
90	1	1
91	34	26
92	22	20
93	50	37
94	68	46
95	0	0
96	3	3
97	41	30
98	41	30
99	24	13
100	0	0
101	7	7
102	0	0
103	1	1
104	26	24
105	6	5
106	1	1
107	0	0
108	0	0
109	36	27
110	0	0
111	0	0
112	3	3
113	19	7
114	5	5
115	0	0
116	17	14
117	0	0
118	2	1
119	5	5
120	29	19
121	7	6
122	0	0
123	3	2
124	0	0
125	2	2
126	29	27
127	7	6
128	27	27
129	29	19
130	15	14
131	0	0
132	0	0
133	0	0
134	1	1
135	1	1
136	60	60
137	44	36
138	39	32
139	32	23
140	0	0
141	2	2
142	0	0
143	1	1
144	41	30
145	0	0
146	0	0
147	6	6
148	51	30
149	0	0
150	1	1
151	4	4
152	77	38
153	95	43
154	19	9
155	49	35
156	5	5
157	3	3
158	2	2
159	5	5
160	17	12
161	0	0
162	50	36
163	32	31
164	0	0
165	0	0
166	0	0
167	0	0
168	11	5
169	4	4
170	10	9
171	4	4
172	57	24
173	4	4
174	0	0
175	4	4
176	7	5
177	6	4
178	0	0
179	14	7
180	0	0
181	7	7
182	0	0
183	0	0
184	4	4
185	23	21
186	4	4
187	5	5
188	0	0
189	23	9
190	4	4
191	33	23
192	0	0
193	0	0
194	12	11
195	0	0
196	5	5
197	5	4
198	12	8
199	5	5
200	4	4
201	13	8
202	9	8
203	2	2
204	103	54
205	107	55
206	24	24
207	0	0
208	0	0
209	11	11
210	0	0
211	7	7
212	48	41
213	4	3
214	43	36
215	0	0
216	4	4
217	5	5
218	0	0
219	13	13
220	21	19
221	2	2
222	17	17
223	0	0
224	0	0
225	5	5
226	17	17
227	0	0
228	43	36
229	0	0
230	0	0
231	0	0
232	3	3
233	3	3
234	0	0
235	0	0
236	0	0
237	5	5
238	4	3
239	4	4
240	3	3
241	0	0
242	4	3
243	0	0
244	2	1
245	17	14
246	0	0
247	0	0
248	1	1
249	43	36
250	0	0
251	3	3
252	1	1
253	1	1
254	12	9
255	8	7
256	1	1
257	0	0
258	11	11
259	19	16
260	0	0
261	5	5
262	21	18
263	0	0
264	43	36
265	0	0
266	3	3
267	7	6
268	1	1
269	22	17
270	0	0
271	4	4
272	0	0
273	0	0
274	8	8
275	1	1
276	0	0
277	0	0
278	0	0
279	5	5
280	3	3
281	21	16
282	0	0
283	15	14
284	0	0
285	1	1
286	45	32
287	1	1
288	1	1
289	4	4
290	11	11
291	0	0
292	9	8
293	0	0
294	29	27
295	2	2
296	43	36
297	4	4
298	7	6
299	41	35
300	0	0
301	42	28
302	1	1
303	0	0
304	18	18
305	0	0
306	93	36
307	91	36
308	19	10
309	0	0
310	6	5
311	16	15
312	34	24
313	6	6
314	2	2
315	12	10
316	0	0
317	3	3
318	28	26
319	27	21
320	5	4
321	5	4
322	23	23
323	3	3
324	24	23
325	30	28
326	0	0
327	5	4
328	0	0
329	1	1
330	3	3
331	0	0
332	22	9
333	6	4
334	5	4
335	0	0
336	0	0
337	3	3
338	3	3
339	0	0
340	1	1
341	2	1
342	1	1
343	5	5
344	0	0
345	0	0
346	17	16
347	0	0
348	9	9
349	8	7
350	0	0
351	50	40
352	0	0
353	10	9
354	15	15
355	11	10
356	20	20
357	0	0
358	6	5
359	2	2
360	8	8
361	5	4
362	1	1
363	21	8
364	18	17
365	5	4
366	0	0
367	0	0
368	0	0
369	6	6
370	16	16
371	20	19
372	5	4
373	20	19
374	0	0
375	7	6
376	2	2
377	5	4
378	0	0
379	32	30
380	8	7
381	0	0
382	11	3
383	5	4
384	8	7
385	0	0
386	5	4
387	0	0
388	2	2
389	8	7
390	5	5
391	17	16
392	0	0
393	17	16
394	0	0
395	6	6
396	0	0
397	0	0
398	5	4
399	0	0
400	8	1
401	4	4
402	0	0
403	6	6
404	0	0
405	5	4
406	0	0
407	1	1
408	63	39
409	67	39
410	57	53
411	45	29
412	7	6
413	2	1
414	38	27
415	0	0
416	0	0
417	3	3
418	9	9
419	0	0
420	4	4
421	42	40
422	23	23
423	3	3
424	41	33
425	7	5
426	27	22
427	29	27
428	0	0
429	35	29
430	2	1
431	53	38
432	37	35
433	3	3
434	1	1
435	15	15
436	6	4
437	53	38
438	20	16
439	34	24
440	0	0
441	2	2
442	1	1
443	13	8
444	0	0
445	24	21
446	2	2
447	0	0
448	1	1
449	0	0
450	61	55
451	0	0
452	0	0
453	41	32
454	6	5
455	0	0
456	1	1
457	31	30
458	60	42
459	0	0
460	54	38
461	0	0
462	7	7
463	1	1
464	20	15
465	0	0
466	6	4
467	0	0
468	31	25
469	32	32
470	4	4
471	17	15
472	36	27
473	0	0
474	0	0
475	9	8
476	0	0
477	3	2
478	7	6
479	0	0
480	17	16
481	0	0
482	1	1
483	12	12
484	0	0
485	2	1
486	11	9
487	0	0
488	30	27
489	38	29
490	2	2
491	50	43
492	7	6
493	2	2
494	13	8
495	0	0
496	11	11
497	32	23
498	0	0
499	0	0
500	22	9
501	0	0
502	0	0
503	18	17
504	22	15
505	48	46
506	2	2
507	1	1
508	4	4
509	33	32
510	123	65
511	112	60
512	8	8
513	3	3
514	42	34
515	0	0
516	24	22
517	0	0
518	5	5
519	0	0
520	44	30
521	34	24
522	0	0
523	5	5
524	3	3
525	33	25
526	32	26
527	16	14
528	49	29
529	22	22
530	31	23
531	23	11
532	0	0
533	15	14
534	21	18
535	54	52
536	54	50
537	0	0
538	6	5
539	1	1
540	3	3
541	4	4
542	18	15
543	2	2
544	60	57
545	0	0
546	0	0
547	13	5
548	8	8
549	63	45
550	13	13
551	0	0
552	32	17
553	0	0
554	0	0
555	21	11
556	25	18
557	0	0
558	3	3
559	41	38
560	4	3
561	0	0
562	14	10
563	49	44
564	10	8
565	6	6
566	40	33
567	0	0
568	0	0
569	0	0
570	0	0
571	31	23
572	5	5
573	0	0
574	58	51
575	71	51
576	3	3
577	22	20
578	0	0
579	5	5
580	0	0
581	39	30
582	0	0
583	4	4
584	35	24
585	34	22
586	0	0
587	4	4
588	59	56
589	23	11
590	5	5
591	44	30
592	0	0
593	25	18
594	0	0
595	56	38
596	31	23
597	44	30
598	2	2
599	2	2
600	0	0
601	28	24
602	48	41
603	0	0
604	11	7
605	50	48
606	0	0
607	3	3
608	2	2
609	3	3
610	0	0
611	5	5
612	0	0
613	5	5
614	0	0
615	6	6
616	1	1
617	7	7
618	40	28
619	20	16
620	0	0
621	6	6
622	20	18
623	0	0
624	22	18
625	1	1
626	6	5
627	13	12
628	34	29
629	3	3
630	13	5
631	28	28
632	0	0
633	33	30
634	0	0
635	0	0
636	0	0
637	14	14
638	0	0
639	3	3
640	3	3
641	2	2
642	15	13
643	6	6
644	0	0
645	10	9
646	3	3
647	25	19
648	21	11
649	0	0
650	37	30
651	19	16
652	0	0
653	23	15
654	4	3
655	0	0
656	6	6
657	0	0
658	0	0
659	0	0
660	15	13
661	0	0
662	110	62
663	113	75
664	0	0
665	0	0
666	3	3
667	0	0
668	0	0
669	0	0
670	1	1
671	4	3
672	10	7
673	83	81
674	15	15
675	34	28
676	3	3
677	1	1
678	1	1
679	3	3
680	34	32
681	6	6
682	28	27
683	3	2
684	2	2
685	4	3
686	3	3
687	24	24
688	10	10
689	7	7
690	16	15
691	14	14
692	16	16
693	3	2
694	1	1
695	0	0
696	55	51
697	0	0
698	0	0
699	0	0
700	0	0
701	2	2
702	0	0
703	28	23
704	15	15
705	38	26
706	0	0
707	0	0
708	8	8
709	4	4
710	48	42
711	4	4
712	0	0
713	2	1
714	11	11
715	21	21
716	17	17
717	37	35
718	14	11
719	35	29
720	0	0
721	58	51
722	0	0
723	53	38
724	0	0
725	0	0
726	2	2
727	0	0
728	29	23
729	33	26
730	6	6
731	0	0
732	1	1
733	2	2
734	4	3
735	27	25
736	3	3
737	14	14
738	11	11
739	53	47
740	6	6
741	2	2
742	0	0
743	21	8
744	59	53
745	1	1
746	0	0
747	0	0
748	32	26
749	0	0
750	0	0
751	0	0
752	8	8
753	0	0
754	7	7
755	6	6
756	11	6
757	3	3
758	0	0
759	0	0
760	0	0
761	5	5
762	11	11
763	16	15
764	5	5
765	2	2
766	0	0
767	4	4
768	32	26
769	0	0
770	55	40
771	5	5
772	0	0
773	12	11
774	0	0
775	9	7
776	2	2
777	1	1
778	10	9
779	32	26
780	32	26
781	0	0
782	0	0
783	40	28
784	32	26
785	30	21
786	5	5
787	0	0
788	0	0
789	2	2
790	0	0
791	5	5
792	0	0
793	28	25
794	4	4
795	0	0
796	1	1
797	0	0
798	3	2
799	0	0
800	0	0
801	26	25
802	6	5
803	20	18
804	0	0
805	75	65
806	2	2
807	14	11
808	14	13
809	0	0
810	0	0
811	2	1
812	1	1
813	38	27
814	178	120
815	157	100
816	172	128
817	154	115
818	0	0
819	11	10
820	43	35
821	168	111
822	8	8
823	0	0
824	34	23
825	22	22
826	9	8
827	36	25
828	20	16
829	0	0
830	0	0
831	0	0
832	17	16
833	0	0
834	0	0
835	0	0
836	5	5
837	10	8
838	6	6
839	14	14
840	12	11
841	1	1
842	3	3
843	2	1
844	79	64
845	13	9
846	38	36
847	0	0
848	5	5
849	5	4
850	118	78
851	0	0
852	0	0
853	1	1
854	17	17
855	5	4
856	37	26
857	167	108
858	2	2
859	3	3
860	10	9
861	0	0
862	0	0
863	4	4
864	26	23
865	9	9
866	0	0
867	15	14
868	2	2
869	0	0
870	3	3
871	25	24
872	0	0
873	0	0
874	0	0
875	7	7
876	17	15
877	14	14
878	1	1
879	18	17
880	0	0
881	37	35
882	0	0
883	36	31
884	5	4
885	4	2
886	35	35
887	0	0
888	2	2
889	35	31
890	1	1
891	13	12
892	45	30
893	3	3
894	0	0
895	8	7
896	1	1
897	7	5
898	0	0
899	0	0
900	0	0
901	0	0
902	0	0
903	0	0
904	5	5
905	5	5
906	2	2
907	27	17
908	0	0
909	38	37
910	8	2
911	2	2
912	19	17
913	30	30
914	0	0
915	2	2
916	3	3
917	1	1
918	76	73
919	0	0
920	47	43
921	2	2
922	28	28
923	0	0
924	47	46
925	12	9
926	45	33
927	47	29
928	5	4
929	39	39
930	0	0
931	23	23
932	5	4
933	4	4
934	0	0
935	44	28
936	0	0
937	3	3
938	3	3
939	2	2
940	3	3
941	42	31
942	0	0
943	47	46
944	0	0
945	28	26
946	0	0
947	0	0
948	0	0
949	0	0
950	0	0
951	1	1
952	0	0
953	0	0
954	113	107
955	0	0
956	34	34
957	8	8
958	0	0
959	37	26
960	0	0
961	0	0
962	82	68
963	0	0
964	12	10
965	5	5
966	0	0
967	0	0
968	19	18
969	0	0
970	0	0
971	1	1
972	0	0
973	103	101
974	0	0
975	0	0
976	0	0
977	81	68
978	0	0
979	115	82
980	0	0
981	10	9
982	1	1
983	14	12
984	0	0
985	103	101
986	31	22
987	0	0
988	0	0
989	0	0
990	0	0
991	15	15
992	0	0
993	0	0
994	2	2
995	0	0
996	29	26
997	5	5
998	0	0
999	157	109
1000	19	13
1001	5	5
1002	15	14
1003	40	22
1004	40	29
1005	8	8
1006	1	1
1007	0	0
1008	114	106
1009	5	5
1010	29	27
1011	3	3
1012	0	0
1013	167	108
1014	0	0
1015	167	108
1016	2	1
1017	0	0
1018	109	78
1019	107	71
1020	73	61
1021	69	65
1022	76	67
1023	57	53
1024	102	75
1025	83	76
1026	96	76
1027	50	40
